L.polygon([[41.57, -93.61], [43.54, -96.73], [39.56, -95.13], [36.24, -93.11], [37.94, -91.76], [41.36, -93.47], [40.19, -92.57], [38.5, -90.67], [38.61, -90.13], [38.88, -89.73], [44.82, -91.49], [47.91, -97.07], [41.57, -93.61]]).addTo(map);
L.polygon([[42.2, -71.83], [42.35, -71.06], [43.23, -71.56], [42.06, -72.61], [41.8, -72.83], [41.55, -73.03], [41.18, -73.19], [40.94, -72.67], [42.17, -70.88], [42.2, -71.83]]).addTo(map);
L.polygon([[37.27, -115.2], [47.96, -116.68], [61.22, -149.85], [34.41, -119.7], [32.71, -117.16], [32.8, -116.71], [33.71, -116.23], [36.17, -115.12], [37.27, -115.2]]).addTo(map);
L.polygon([[38.96, -84.38], [39.68, -88.3], [38.45, -82.64], [38.41, -82.43], [41.47, -81.67], [43.35, -82.63], [44.24, -85.41], [43.06, -87.96], [42.45, -88.53], [39.99, -86.62], [38.96, -84.38]]).addTo(map);
L.polygon([[41.37, -73.41], [44.26, -72.57], [43.31, -73.64], [41.93, -73.99], [41.37, -73.41]]).addTo(map);
L.polygon([[35.51, -78.73], [35.98, -78.91], [36.03, -79.48], [36.33, -82.36], [33.95, -83.39], [32.83, -83.65], [32.08, -81.1], [32.78, -79.99], [34.21, -77.91], [35.51, -78.73]]).addTo(map);
L.polygon([[43.26, -70.86], [43.05, -70.78], [44.58, -68.49], [44.83, -68.78], [44.56, -69.55], [44.08, -70.24], [43.53, -70.91], [43.26, -70.86]]).addTo(map);
L.polygon([[40.31, -79.54], [38.64, -76.9], [38.97, -76.5], [39.96, -76.73], [40.24, -76.92], [40.62, -79.15], [40.57, -79.95], [41.03, -81.18], [39.26, -81.54], [38.35, -81.63], [37.27, -79.95], [37.23, -77.33], [37.62, -75.76], [38.83, -77.21], [38.92, -77.35], [40.31, -79.54]]).addTo(map);
L.polygon([[29.99, -90.17], [30.06, -89.93], [31.58, -90.44], [34.72, -92.35], [36.48, -96.06], [36.4, -97.86], [33.57, -101.87], [32.02, -102.1], [26.21, -98.23], [29.99, -90.17]]).addTo(map);
L.polygon([[24.82, -80.81], [25.77, -80.2], [26.14, -80.13], [26.74, -80.12], [27.44, -80.32], [28.08, -80.6], [26.62, -81.84], [26.14, -81.79], [24.82, -80.81]]).addTo(map);
L.polygon([[35.2, -101.81], [39.47, -103.95], [40.17, -105.11], [40.75, -111.9], [40.22, -111.69], [35.27, -102.66], [35.38, -106.47], [35.24, -113.76], [33.53, -112.18], [32.21, -110.96], [31.84, -106.43], [35.2, -101.81]]).addTo(map);
L.polygon([[30.16, -81.7], [30.33, -81.65], [31.99, -83.3], [31.23, -85.4], [30.44, -87.18], [27.48, -82.57], [28.5, -81.37], [28.66, -81.39], [30.16, -81.7]]).addTo(map);
L.polygon([[40.58, -74.27], [39.58, -75.68], [39.42, -75.22], [39.42, -74.49], [40.66, -73.41], [41.09, -73.55], [41.29, -73.76], [41.65, -74.68], [41.5, -75.53], [41.24, -75.87], [40.04, -76.3], [39.51, -76.17], [39.73, -75.53], [39.95, -75.16], [40.58, -74.27]]).addTo(map);
L.polygon([[33.76, -84.26], [33.05, -84.15], [35.19, -83.82], [37.32, -83.96], [38.04, -84.45], [37.3, -89.55], [35.1, -90.0], [34.5, -89.5], [33.76, -84.26]]).addTo(map);
L.polygon([[43.19, -77.86], [41.83, -75.87], [42.59, -76.09], [43.16, -77.61], [43.19, -77.86]]).addTo(map);
