000	10944
010	1216
015	2432
017	608
018	608
020	608
021	1824
024	1216
029	1216
030	608
033	608
038	1824
039	1216
040	7904
041	1216
042	3648
043	1216
044	1824
045	608
046	1216
049	1824
056	608
060	12768
061	4864
062	2432
063	3040
064	15807
065	2432
066	2432
067	4256
068	6688
069	1824
070	24928
071	3648
073	1216
074	5472
075	1216
076	10335
077	6688
078	4864
079	6080
080	21280
081	2432
082	1216
083	1824
085	3648
086	6080
087	6080
088	10944
089	608
100	18240
101	3040
103	4864
104	8512
105	6080
107	2432
108	1216
109	3648
110	1216
111	2432
112	6688
113	7296
114	4256
115	5472
116	608
117	15200
118	1824
119	1216
121	608
124	1216
125	2432
127	608
128	608
131	608
144	608
146	1216
151	608
156	608
157	608
170	608
173	1216
174	608
175	1216
176	2432
180	10336
182	1216
183	608
184	1216
187	608
188	608
189	18848
190	27967
191	26143
193	19456
194	11552
195	1824
196	4864
197	2432
198	608
200	7296
201	4256
206	4864
207	23104
208	9728
209	2432
210	5472
211	7904
212	5472
214	608
217	4256
219	1824
220	11552
221	13376
222	4256
223	6080
224	6688
225	17632
227	608
231	1215
234	1216
238	1824
239	608
240	608
253	608
257	1216
261	608
263	1216
265	608
272	608
275	608
277	1824
281	2432
282	1824
283	1216
284	608
287	1216
289	608
290	608
291	1216
293	608
294	608
296	1216
297	1824
298	608
299	1216
300	14592
301	6080
302	7296
303	7296
306	1216
307	608
310	1824
312	608
314	1216
320	4256
321	608
322	17632
323	2432
325	1216
327	7296
328	3648
329	12768
330	7296
331	12768
333	4864
334	18848
335	4256
336	6688
337	9728
338	5472
339	7296
341	1216
342	13984
344	2432
346	3648
347	1824
349	1824
363	1216
370	3040
371	608
372	1216
373	608
376	608
377	3040
378	5472
379	1216
380	1824
381	608
383	608
385	608
386	1216
396	608
404	608
405	608
410	608
411	1216
420	608
430	1824
431	1824
432	1216
433	608
435	2432
436	1216
440	3648
441	5472
442	1216
446	1216
448	608
452	1824
453	608
454	608
456	608
461	608
463	6688
467	608
469	1216
480	608
481	4864
484	608
488	608
492	608
493	608
494	608
496	608
500	608
503	1824
524	608
531	608
532	608
547	1824
550	608
551	608
553	1216
571	1216
582	1824
600	8512
601	5472
604	6080
605	2432
606	6688
608	608
619	608
620	1824
622	8512
630	2432
631	3648
635	608
637	608
640	5472
641	1216
647	1216
654	608
660	4864
662	2432
700	2432
701	608
704	608
705	608
711	608
714	1216
722	608
726	3648
730	7904
731	12768
735	608
736	608
737	608
740	7296
741	6080
744	1824
747	608
748	1216
750	14591
751	1824
752	6688
754	608
755	608
756	608
757	2432
759	1216
760	10336
761	9120
762	3648
765	608
766	608
767	608
770	33440
773	7904
774	15200
775	7904
776	1216
777	608
778	1216
779	1824
780	6688
781	3648
782	9120
784	1216
785	3648
786	4256
787	3648
788	1216
790	2432
791	3040
794	608
797	1824
799	4864
800	2432
801	4864
802	2432
804	1216
805	1824
806	2432
809	1824
815	608
816	1824
838	608
840	2432
841	608
846	608
850	9728
852	13376
853	9728
855	608
857	6080
863	1216
864	1824
870	608
871	1824
880	608
890	3040
891	8512
894	1216
895	1824
900	3648
902	14592
904	608
905	1824
906	1216
907	3648
908	2432
910	1824
911	3040
912	608
913	15200
914	3648
915	2432
916	1216
917	11552
919	5472
920	23712
921	17632
922	5472
923	3040
925	4864
926	17632
927	2432
928	7296
930	7296
931	1824
932	608
933	3040
934	1824
935	1216
936	2432
939	3648
940	3648
941	3648
943	608
944	1824
945	12768
946	1824
949	3040
950	1824
951	1824
952	1216
953	1216
954	2432
956	2432
970	2432
972	1216
973	608
980	8512
981	6080
982	1824
983	1216
985	608
992	608
995	608
997	1216
None	0
