010 42.06 -72.61 1216
015 42.2 -71.83 2432
017 42.3 -71.43 608
018 42.48 -71.15 608
020 42.17 -70.88 608
021 42.35 -71.06 1824
024 42.44 -71.23 1216
029 41.82 -71.41 1216
030 42.86 -71.61 608
033 43.23 -71.56 608
038 43.05 -70.78 1824
039 43.26 -70.86 1216
040 43.53 -70.91 7904
041 43.66 -70.25 1216
042 44.08 -70.24 3648
043 44.33 -69.72 1216
044 44.83 -68.78 1824
045 43.93 -69.83 608
046 44.58 -68.49 1216
049 44.56 -69.55 1824
056 44.26 -72.57 608
060 41.8 -72.83 12768
061 41.76 -72.68 4864
062 41.71 -72.21 2432
063 41.35 -72.1 3040
064 41.34 -73.06 15807
065 41.31 -72.92 2432
066 41.18 -73.19 2432
067 41.55 -73.03 4256
068 41.37 -73.41 6688
069 41.09 -73.55 1824
070 40.58 -74.27 24928
071 40.72 -74.17 3648
073 40.71 -74.06 1216
074 41.03 -74.13 5472
075 40.91 -74.16 1216
076 40.88 -74.04 10335
077 40.34 -74.06 6688
078 40.88 -74.55 4864
079 40.71 -74.36 6080
080 39.56 -75.34 21280
081 39.93 -75.1 2432
082 39.42 -74.49 1216
083 39.42 -75.22 1824
085 40.17 -74.58 3648
086 40.22 -74.76 6080
087 40.09 -74.21 6080
088 40.64 -74.89 10944
089 40.48 -74.44 608
100 40.71 -73.99 18240
101 40.71 -73.99 3040
103 40.58 -74.14 4864
104 40.84 -73.87 8512
105 41.29 -73.76 6080
107 40.94 -73.86 2432
108 40.92 -73.77 1216
109 41.11 -74.14 3648
110 40.72 -73.7 1216
111 40.74 -73.93 2432
112 40.64 -73.94 6688
113 40.77 -73.84 7296
114 40.68 -73.78 4256
115 40.74 -73.63 5472
116 40.59 -73.81 608
117 40.66 -73.41 15200
118 40.76 -73.52 1824
119 40.94 -72.67 1216
121 42.39 -73.7 608
124 41.93 -73.99 1216
125 41.84 -73.55 2432
127 41.65 -74.68 608
128 43.31 -73.64 608
131 42.59 -76.09 608
144 43.19 -77.86 608
146 43.16 -77.61 1216
151 40.57 -79.95 608
156 40.31 -79.54 608
157 40.62 -79.15 608
170 40.24 -76.92 608
173 39.88 -76.98 1216
174 39.96 -76.73 608
175 40.15 -76.2 1216
176 40.04 -76.3 2432
180 40.66 -75.55 10336
182 40.95 -75.97 1216
183 41 -75.17 608
184 41.5 -75.53 1216
187 41.24 -75.87 608
188 41.83 -75.87 608
189 40.31 -75.12 18848
190 40.12 -75.12 27967
191 39.95 -75.16 26143
193 40.04 -75.49 19456
194 40.12 -75.33 11552
195 40.24 -76.06 1824
196 40.33 -75.92 4864
197 39.58 -75.68 2432
198 39.73 -75.53 608
200 38.89 -77.03 7296
201 38.92 -77.35 4256
206 38.64 -76.9 4864
207 39.12 -76.77 23104
208 38.97 -77.1 9728
209 39.01 -77.02 2432
210 39.51 -76.17 5472
211 39.65 -76.89 7904
212 39.3 -76.61 5472
214 38.97 -76.5 608
217 39.42 -77.41 4256
219 39.6 -75.94 1824
220 38.83 -77.21 11552
221 38.94 -77.19 13376
222 38.87 -77.1 4256
223 38.82 -77.08 6080
224 38.29 -77.48 6688
225 38.01 -77.51 17632
227 38.47 -78 608
231 37.52 -77.96 1215
234 37.62 -75.76 1216
238 37.23 -77.33 1824
239 37.29 -78.39 608
240 37.27 -79.95 608
253 38.35 -81.63 608
257 38.41 -82.43 1216
261 39.26 -81.54 608
263 39.28 -80.33 1216
265 39.63 -79.94 608
272 36.03 -79.48 608
275 35.51 -78.73 608
277 35.98 -78.91 1824
281 35.26 -81.08 2432
282 35.19 -80.83 1824
283 35.05 -78.87 1216
284 34.21 -77.91 608
287 35.7 -82.63 1216
289 35.19 -83.82 608
290 33.76 -80.15 608
291 34.46 -80.25 1216
293 34.94 -81.92 608
294 32.78 -79.99 608
296 34.83 -82.37 1216
297 35.12 -81.51 1824
298 33.54 -81.72 608
299 32.42 -80.68 1216
300 33.76 -84.26 14592
301 34.05 -84.67 6080
302 33.05 -84.15 7296
303 33.85 -84.39 7296
306 33.95 -83.39 1216
307 34.49 -84.94 608
310 31.99 -83.3 1824
312 32.83 -83.65 608
314 32.08 -81.1 1216
320 30.16 -81.7 4256
321 29.14 -81.53 608
322 30.33 -81.65 17632
323 30.45 -84.28 2432
325 30.44 -87.18 1216
327 28.66 -81.39 7296
328 28.5 -81.37 3648
329 28.08 -80.6 12768
330 24.82 -80.81 7296
331 25.77 -80.2 12768
333 26.14 -80.13 4864
334 26.74 -80.12 18848
335 27.76 -82.26 4256
336 27.95 -82.48 6688
337 27.75 -82.64 9728
338 28.04 -81.96 5472
339 26.62 -81.84 7296
341 26.14 -81.79 1216
342 27.48 -82.57 13984
344 29.05 -82.05 2432
346 28.55 -82.39 3648
347 28.71 -81.73 1824
349 27.44 -80.32 1824
363 31.23 -85.4 1216
370 36.58 -87.06 3040
371 36.1 -87.63 608
372 36.17 -86.78 1216
373 35.42 -85.72 608
376 36.33 -82.36 608
377 35.79 -83.97 3040
378 35.74 -83.97 5472
379 35.97 -83.94 1216
380 35.78 -89.11 1824
381 35.1 -90 608
383 35.63 -88.82 608
385 36.15 -85.5 608
386 34.5 -89.5 1216
396 31.58 -90.44 608
404 37.32 -83.96 608
405 38.04 -84.45 608
410 38.96 -84.38 608
411 38.45 -82.64 1216
420 37.07 -88.63 608
430 40.08 -82.61 1824
431 39.46 -82.74 1824
432 39.98 -82.98 1216
433 40.58 -83.12 608
435 41.66 -84.43 2432
436 41.66 -83.58 1216
440 41.4 -82.23 3648
441 41.47 -81.67 5472
442 41.03 -81.18 1216
446 40.91 -81.11 1216
448 41.04 -83.39 608
452 39.09 -84.51 1824
453 39.67 -83.91 608
454 39.76 -84.19 608
456 39.33 -82.98 608
461 39.99 -86.62 608
463 41.68 -86.97 6688
467 41.39 -85.41 608
469 40.47 -86.13 1216
480 42.61 -82.53 608
481 42.25 -83.21 4864
484 43.35 -82.63 608
488 43.37 -84.65 608
492 42.24 -84.4 608
493 42.95 -85.48 608
494 42.98 -85.95 608
496 44.24 -85.41 608
500 41.36 -93.47 608
503 41.57 -93.61 1824
524 41.97 -91.66 608
531 42.52 -88.24 608
532 43.06 -87.96 608
547 44.82 -91.49 1824
550 44.9 -92.81 608
551 44.94 -93.1 608
553 45.23 -93.66 1216
571 43.54 -96.73 1216
582 47.91 -97.07 1824
600 42.45 -88.53 8512
601 41.93 -88 5472
604 41.34 -87.61 6080
605 41.77 -87.82 2432
606 41.83 -87.68 6688
608 41.67 -87.73 608
619 39.68 -88.3 608
620 38.88 -89.73 1824
622 38.61 -90.13 8512
630 38.5 -90.67 2432
631 38.63 -90.24 3648
635 40.19 -92.57 608
637 37.3 -89.55 608
640 39.09 -93.54 5472
641 39.09 -94.58 1216
647 38.65 -94.34 1216
654 37.94 -91.76 608
660 39.56 -95.13 4864
662 38.9 -94.68 2432
700 29.99 -90.17 2432
701 30.06 -89.93 608
704 30.5 -90.46 608
705 30.22 -92.01 608
711 32.47 -93.79 608
714 31.75 -91.99 1216
722 34.72 -92.35 608
726 36.24 -93.11 3648
730 35.23 -98.4 7904
731 35.46 -97.51 12768
735 34.6 -98.42 608
736 35.5 -98.97 608
737 36.4 -97.86 608
740 36.48 -96.06 7296
741 36.12 -95.91 6080
744 35.74 -95.35 1824
747 33.98 -96.39 608
748 35.33 -96.91 1216
750 32.96 -96.83 14591
751 32.26 -96.69 1824
752 32.79 -96.76 6688
754 33.11 -96.1 608
755 33.44 -94.07 608
756 32.51 -94.76 608
757 32.32 -95.3 2432
759 31.33 -94.72 1216
760 32.69 -97.12 10336
761 32.75 -97.33 9120
762 33.21 -97.13 3648
765 31.09 -97.36 608
766 31.88 -97.07 608
767 31.56 -97.18 608
770 29.76 -95.38 33440
773 30.32 -95.47 7904
774 29.7 -95.46 15200
775 29.66 -95.15 7904
776 30.02 -93.85 1216
777 30.08 -94.14 608
778 30.66 -96.36 1216
779 28.82 -96.98 1824
780 28.22 -99.29 6688
781 29.37 -98.25 3648
782 29.45 -98.5 9120
784 27.8 -97.39 1216
785 26.21 -98.23 3648
786 30.11 -97.3 4256
787 30.26 -97.74 3648
788 29.21 -99.78 1216
790 35.27 -102.66 2432
791 35.2 -101.81 3040
794 33.57 -101.87 608
797 32.02 -102.1 1824
799 31.84 -106.43 4864
800 39.82 -105.1 2432
801 39.47 -103.95 4864
802 39.76 -104.87 2432
804 39.73 -105.21 1216
805 40.17 -105.11 1824
806 39.95 -104.79 2432
809 38.86 -104.76 1824
815 39.08 -108.55 608
816 39.54 -107.33 1824
838 47.96 -116.68 608
840 40.43 -110.25 2432
841 40.75 -111.9 608
846 40.22 -111.69 608
850 33.45 -112.06 9728
852 33.44 -111.85 13376
853 33.53 -112.18 9728
855 33.62 -110.7 608
857 32.21 -110.96 6080
863 34.62 -112.42 1216
864 35.24 -113.76 1824
870 35.38 -106.47 608
871 35.11 -106.62 1824
880 32.33 -106.75 608
890 37.27 -115.2 3040
891 36.17 -115.12 8512
894 39.28 -119.95 1216
895 39.52 -119.81 1824
900 33.97 -118.24 3648
902 33.97 -118.15 14592
904 34.01 -118.49 608
905 33.83 -118.31 1824
906 34 -118.03 1216
907 33.86 -118.08 3648
908 33.77 -118.18 2432
910 34.2 -118.13 1824
911 34.14 -118.13 3040
912 34.17 -118.29 608
913 34.12 -118.76 15200
914 34.17 -118.43 3648
915 34.19 -118.29 2432
916 34.16 -118.37 1216
917 34.14 -117.61 11552
919 32.8 -116.71 5472
920 33.28 -117.19 23712
921 32.71 -117.16 17632
922 33.71 -116.23 5472
923 34.66 -117.51 3040
925 33.99 -117.38 4864
926 33.74 -117.76 17632
927 33.75 -117.85 2432
928 33.84 -117.95 7296
930 34.33 -119.31 7296
931 34.41 -119.7 1824
932 35.86 -119.46 608
933 35.38 -119.02 3040
934 35.25 -120.62 1824
935 35.09 -118.13 1216
936 37.39 -119.73 2432
939 36.64 -121.62 3648
940 37.5 -122.3 3648
941 37.77 -122.41 3648
943 37.44 -122.15 608
944 37.57 -122.32 1824
945 37.77 -122.27 12768
946 37.77 -122.21 1824
949 37.97 -122.5 3040
950 36.97 -121.89 1824
951 37.38 -121.89 1824
952 37.9 -121.22 1216
953 37.32 -120.63 1216
954 38.44 -122.78 2432
956 38.43 -120.84 2432
970 44.95 -120.65 2432
972 45.5 -122.69 1216
973 44.9 -122.92 608
980 47.3 -122.26 8512
981 47.61 -122.33 6080
982 47.98 -122.2 1824
983 47.15 -122.7 1216
985 46.97 -122.87 608
992 47.66 -117.43 608
995 61.22 -149.85 608
997 64.81 -147.72 1216
