1|000	180330.0
1|010	4166.0
1|015	26100.0
1|017	6816.0
1|018	9600.0
1|020	14490.0
1|021	21440.0
1|024	2412.0
1|029	9840.0
1|030	12870.0
1|033	4260.0
1|038	31320.0
1|039	28170.0
1|040	188523.5
1|041	57510.0
1|042	24285.0
1|043	9750.0
1|044	39710.0
1|045	14670.0
1|046	22680.0
1|049	27210.0
1|056	18960.0
1|060	114889.0
1|061	34518.0
1|062	17310.0
1|063	56090.0
1|064	241500.0
1|065	26520.0
1|066	50850.0
1|067	46596.0
1|068	66462.0
1|069	8602.0
1|070	295160.0
1|071	49240.0
1|073	16950.0
1|074	48595.0
1|075	26910.0
1|076	158670.0
1|077	113726.0
1|078	80010.0
1|079	88125.0
1|080	310224.5
1|081	28530.0
1|082	7641.0
1|083	27348.0
1|085	49550.0
1|086	128556.0
1|087	160665.0
1|088	138847.5
1|089	12600.0
1|100	199359.0
1|101	17880.0
1|103	73470.0
1|104	115002.0
1|105	102531.9
1|107	82631.0
1|108	14370.0
1|109	91960.0
1|110	28170.0
1|111	22250.0
1|112	44689.5
1|113	43162.5
1|114	46200.0
1|115	79516.0
1|116	1550.0
1|117	146609.0
1|118	22090.0
1|119	11880.0
1|121	44010.0
1|124	3762.0
1|125	12123.0
1|127	4470.0
1|128	4590.0
1|131	4080.0
1|144	3340.0
1|146	9750.0
1|151	4440.0
1|156	4440.0
1|157	135.0
1|170	4170.0
1|173	34560.0
1|174	4800.0
1|175	13788.0
1|176	18840.0
1|180	102038.0
1|182	23040.0
1|183	4590.0
1|184	9480.0
1|187	438.0
1|188	9120.0
1|189	270576.0
1|190	279995.5
1|191	295783.6
1|193	260087.0
1|194	102810.3
1|195	48000.0
1|196	42722.0
1|197	44200.0
1|198	13950.0
1|200	147855.0
1|201	64375.0
1|206	61558.5
1|207	275434.0
1|208	209290.0
1|209	23070.0
1|210	193155.0
1|211	118530.0
1|212	37671.0
1|214	519.0
1|217	56388.0
1|219	18044.0
1|220	144985.0
1|221	93549.0
1|222	40728.4
1|223	66513.6
1|224	137362.0
1|225	242024.0
1|227	13140.0
1|231	19818.0
1|234	6300.0
1|238	13860.0
1|239	4500.0
1|240	4312.0
1|253	3000.0
1|257	8643.0
1|261	12780.0
1|263	11790.0
1|265	8460.0
1|272	4800.0
1|275	14040.0
1|277	10845.0
1|281	46271.0
1|282	51030.0
1|283	8820.0
1|284	13140.0
1|287	9090.0
1|289	548.0
1|290	4800.0
1|291	9380.0
1|293	4320.0
1|294	4770.0
1|296	31320.0
1|297	18060.0
1|298	2355.0
1|299	9690.0
1|300	159574.0
1|301	49056.0
1|302	107211.0
1|303	65803.5
1|306	8640.0
1|307	5400.0
1|310	16530.0
1|312	4740.0
1|314	7140.0
1|320	32640.0
1|321	13230.0
1|322	208073.5
1|323	17676.0
1|325	9330.0
1|327	95369.0
1|328	32382.0
1|329	83613.28
1|330	81105.0
1|331	95651.0
1|333	45910.0
1|334	189208.0
1|335	56700.0
1|336	76176.0
1|337	120134.0
1|338	48158.0
1|339	136290.0
1|341	20410.0
1|342	171522.5
1|344	8096.0
1|346	67717.0
1|347	13260.0
1|349	30870.0
1|363	8580.0
1|370	23320.0
1|371	2720.0
1|372	23520.0
1|373	4620.0
1|376	4380.0
1|377	59100.0
1|378	156660.0
1|379	26370.0
1|380	13080.0
1|381	4710.0
1|383	33000.0
1|385	3220.0
1|386	7600.0
1|396	3003.0
1|404	163.0
1|405	4980.0
1|410	4290.0
1|411	15570.0
1|420	4560.0
1|430	11475.0
1|431	30990.0
1|432	25530.0
1|433	7245.0
1|435	37230.0
1|436	72649.0
1|440	28256.0
1|441	39885.0
1|442	5319.0
1|446	13290.0
1|448	14200.0
1|452	19230.0
1|453	13590.0
1|454	4530.0
1|456	5040.0
1|461	5250.0
1|463	95881.4
1|467	14940.0
1|469	6420.0
1|480	7980.0
1|481	191360.0
1|484	14500.0
1|488	5160.0
1|492	9600.0
1|493	632.0
1|494	13140.0
1|496	3930.0
1|500	26820.0
1|503	28410.0
1|524	2512.0
1|531	11880.0
1|532	13410.0
1|547	22590.0
1|550	4080.0
1|551	13140.0
1|553	13704.0
1|571	16950.0
1|582	23790.0
1|600	89238.0
1|601	50256.0
1|604	49460.0
1|605	11051.8
1|606	63395.0
1|608	4200.0
1|619	4170.0
1|620	18420.0
1|622	69954.0
1|630	14880.0
1|631	26880.0
1|635	2720.0
1|637	1621.8
1|640	52772.0
1|641	8790.0
1|647	14280.0
1|654	4980.0
1|660	47988.0
1|662	18210.0
1|700	16974.0
1|701	4480.0
1|704	4740.0
1|705	19200.0
1|711	4530.0
1|714	22080.0
1|722	4530.0
1|726	30173.0
1|730	108600.0
1|731	139920.0
1|735	9300.0
1|736	4740.0
1|737	7150.0
1|740	66082.0
1|741	81960.0
1|744	23480.0
1|747	4470.0
1|748	6864.0
1|750	160023.0
1|751	23790.0
1|752	49709.0
1|754	4050.0
1|755	9540.0
1|756	4704.0
1|757	30779.1
1|759	38087.5
1|760	111885.0
1|761	101235.0
1|762	23738.0
1|765	12420.0
1|766	3240.0
1|767	2700.0
1|770	397984.6
1|773	679924.0
1|774	188644.4
1|775	76609.0
1|776	14950.0
1|777	4710.0
1|778	8490.0
1|779	12360.0
1|780	57854.0
1|781	46500.0
1|782	675729.0
1|784	11558.1
1|785	29331.0
1|786	37749.0
1|787	97535.0
1|788	8790.0
1|790	23445.0
1|791	32610.0
1|794	4860.0
1|797	34470.0
1|799	39322.0
1|800	25875.0
1|801	66779.0
1|802	27690.0
1|804	9450.0
1|805	13650.0
1|806	33285.0
1|809	19860.0
1|815	4560.0
1|816	13530.0
1|838	5310.0
1|840	29290.0
1|841	4530.0
1|846	1360.0
1|850	144571.0
1|852	197395.5
1|853	102456.0
1|855	29520.0
1|857	60133.0
1|863	5690.0
1|864	25348.0
1|870	24840.0
1|871	24558.0
1|880	3525.0
1|890	48959.0
1|891	74270.0
1|894	8790.0
1|895	10554.5
1|900	44235.0
1|902	110422.5
1|904	1710.0
1|905	19790.0
1|906	24420.0
1|907	52680.0
1|908	28605.0
1|910	27540.0
1|911	50750.0
1|912	912.0
1|913	640357.0
1|914	28021.0
1|915	21990.0
1|916	14610.0
1|917	122820.0
1|919	76420.0
1|920	451581.0
1|921	218090.0
1|922	58317.0
1|923	31102.0
1|925	63746.0
1|926	134334.0
1|927	58920.0
1|928	107580.0
1|930	104980.0
1|931	12000.0
1|932	4560.0
1|933	15031.0
1|934	14970.0
1|935	17760.0
1|936	14034.0
1|939	28620.0
1|940	50770.0
1|941	35704.0
1|943	13230.0
1|944	10188.0
1|945	118350.0
1|946	13200.0
1|949	33600.0
1|950	21639.0
1|951	21442.0
1|952	12280.0
1|953	8220.0
1|954	37200.0
1|956	18855.0
1|970	39720.0
1|972	19320.0
1|973	17200.0
1|980	134768.0
1|981	77210.0
1|982	46200.0
1|983	8760.0
1|985	5280.0
1|992	4530.0
1|995	12240.0
1|997	58791.0
2|000	180840.0
2|010	3850.0
2|015	27180.0
2|017	7824.0
2|018	8040.0
2|020	14490.0
2|021	19630.0
2|024	2958.0
2|029	8940.0
2|030	16110.0
2|033	4800.0
2|038	32910.0
2|039	26910.0
2|040	185930.0
2|041	53820.0
2|042	24555.0
2|043	8640.0
2|044	43600.0
2|045	13500.0
2|046	21750.0
2|049	25200.0
2|056	18600.0
2|060	113087.0
2|061	32668.0
2|062	18660.0
2|063	55370.0
2|064	229004.0
2|065	27330.0
2|066	52620.0
2|067	46370.0
2|068	60746.0
2|069	8377.0
2|070	293617.0
2|071	50410.0
2|073	18660.0
2|074	48750.0
2|075	28710.0
2|076	149558.0
2|077	111926.0
2|078	76560.0
2|079	88530.0
2|080	320519.0
2|081	28718.0
2|082	7584.0
2|083	29151.0
2|085	51360.0
2|086	126353.0
2|087	157140.0
2|088	138419.5
2|089	13590.0
2|100	206332.0
2|101	18345.0
2|103	65790.0
2|104	122893.0
2|105	99706.5
2|107	85959.0
2|108	13500.0
2|109	87700.0
2|110	26820.0
2|111	22574.0
2|112	40872.5
2|113	45000.0
2|114	45030.0
2|115	76305.0
2|116	1440.0
2|117	146510.0
2|118	22750.0
2|119	14250.0
2|121	42390.0
2|124	3768.0
2|125	12558.0
2|127	4800.0
2|128	4170.0
2|131	4680.0
2|144	2720.0
2|146	8430.0
2|151	4680.0
2|156	4710.0
2|157	159.0
2|170	4290.0
2|173	30660.0
2|174	4890.0
2|175	16026.0
2|176	17820.0
2|180	104468.0
2|182	25425.0
2|183	4380.0
2|184	9180.0
2|187	438.0
2|188	9240.0
2|189	267344.0
2|190	279790.5
2|191	289738.5
2|193	251939.0
2|194	104052.7
2|195	54600.0
2|196	42740.0
2|197	44930.0
2|198	14400.0
2|200	155444.0
2|201	66871.0
2|206	56343.5
2|207	278154.0
2|208	208290.0
2|209	22590.0
2|210	187155.0
2|211	113110.0
2|212	39836.5
2|214	450.0
2|217	51240.0
2|219	17340.0
2|220	140536.0
2|221	97146.0
2|222	42590.8
2|223	66275.4
2|224	133685.0
2|225	238700.5
2|227	13950.0
2|231	17412.0
2|234	5320.0
2|238	13770.0
2|239	4500.0
2|240	4172.0
2|253	3180.0
2|257	8655.0
2|261	11340.0
2|263	11580.0
2|265	9960.0
2|272	4560.0
2|275	12780.0
2|277	11310.0
2|281	45805.0
2|282	46560.0
2|283	9150.0
2|284	13140.0
2|287	9990.0
2|289	624.0
2|290	4230.0
2|291	9240.0
2|293	4650.0
2|294	4650.0
2|296	34740.0
2|297	17850.0
2|298	2205.0
2|299	8880.0
2|300	150894.0
2|301	51342.0
2|302	110563.5
2|303	76275.5
2|306	9720.0
2|307	5976.0
2|310	18840.0
2|312	4470.0
2|314	7590.0
2|320	31774.0
2|321	13500.0
2|322	212114.5
2|323	15598.0
2|325	9690.0
2|327	97425.0
2|328	34134.0
2|329	85123.8
2|330	76880.0
2|331	94190.0
2|333	46890.0
2|334	191411.6
2|335	55044.0
2|336	77993.0
2|337	120823.0
2|338	45006.0
2|339	128655.0
2|341	18760.0
2|342	172239.0
2|344	8482.0
2|346	70314.0
2|347	13530.0
2|349	31380.0
2|363	9030.0
2|370	25270.0
2|371	2160.0
2|372	22170.0
2|373	4080.0
2|376	4620.0
2|377	57306.0
2|378	153375.0
2|379	27720.0
2|380	14520.0
2|381	4500.0
2|383	31000.0
2|385	2940.0
2|386	8865.0
2|396	2961.0
2|404	138.0
2|405	4260.0
2|410	4830.0
2|411	13020.0
2|420	4860.0
2|430	10635.0
2|431	30270.0
2|432	30686.0
2|433	7200.0
2|435	35070.0
2|436	77725.0
2|440	29182.0
2|441	39903.0
2|442	4481.0
2|446	13350.0
2|448	16800.0
2|452	17490.0
2|453	13770.0
2|454	4890.0
2|456	4560.0
2|461	4020.0
2|463	92521.0
2|467	12960.0
2|469	6040.0
2|480	9840.0
2|481	197590.0
2|484	15100.0
2|488	4410.0
2|492	9420.0
2|493	660.0
2|494	14310.0
2|496	4320.0
2|500	27180.0
2|503	26940.0
2|524	2144.0
2|531	15480.0
2|532	12690.0
2|547	22080.0
2|550	4890.0
2|551	15660.0
2|553	14700.0
2|571	15525.0
2|582	23160.0
2|600	90804.0
2|601	49590.0
2|604	48092.0
2|605	11358.1
2|606	62164.5
2|608	4920.0
2|619	5070.0
2|620	17550.0
2|622	72975.0
2|630	16305.0
2|631	26910.0
2|635	3340.0
2|637	1428.0
2|640	48940.0
2|641	9000.0
2|647	12480.0
2|654	4170.0
2|660	47662.0
2|662	18900.0
2|700	16330.0
2|701	4928.0
2|704	4800.0
2|705	16320.0
2|711	4410.0
2|714	24660.0
2|722	4320.0
2|726	29260.0
2|730	111796.0
2|731	138994.0
2|735	8940.0
2|736	4110.0
2|737	7850.0
2|740	64207.0
2|741	90420.0
2|744	24840.0
2|747	4470.0
2|748	7438.0
2|750	157997.0
2|751	20970.0
2|752	46122.0
2|754	4920.0
2|755	9120.0
2|756	4340.0
2|757	29321.4
2|759	36340.0
2|760	113195.0
2|761	94214.0
2|762	22366.0
2|765	15750.0
2|766	3120.0
2|767	3300.0
2|770	405050.5
2|773	684466.0
2|774	201556.4
2|775	76631.0
2|776	16150.0
2|777	4650.0
2|778	9090.0
2|779	12820.0
2|780	58595.0
2|781	47670.0
2|782	717602.0
2|784	9885.8
2|785	28491.0
2|786	37243.0
2|787	93850.0
2|788	9000.0
2|790	24310.5
2|791	32130.0
2|794	4590.0
2|797	27360.0
2|799	38212.0
2|800	26289.0
2|801	62152.0
2|802	26700.0
2|804	9180.0
2|805	13890.0
2|806	31980.0
2|809	17670.0
2|815	4860.0
2|816	14250.0
2|838	4020.0
2|840	27490.0
2|841	4350.0
2|846	1160.0
2|850	145721.0
2|852	195210.5
2|853	104620.0
2|855	25020.0
2|857	61007.0
2|863	5904.0
2|864	28476.0
2|870	29160.0
2|871	25410.0
2|880	3600.0
2|890	53136.0
2|891	72680.0
2|894	9240.0
2|895	9931.5
2|900	42489.0
2|902	109559.5
2|904	2340.0
2|905	21580.0
2|906	22200.0
2|907	49688.0
2|908	26685.0
2|910	25700.0
2|911	54930.0
2|912	918.0
2|913	643062.0
2|914	27178.0
2|915	23460.0
2|916	13140.0
2|917	123694.0
2|919	84274.0
2|920	450867.0
2|921	229538.0
2|922	54096.0
2|923	33184.0
2|925	59594.0
2|926	134472.0
2|927	58860.0
2|928	105540.0
2|930	100750.0
2|931	11910.0
2|932	4350.0
2|933	14472.0
2|934	16140.0
2|935	19020.0
2|936	16440.0
2|939	28416.0
2|940	50110.0
2|941	34870.0
2|943	13680.0
2|944	10678.0
2|945	116220.0
2|946	13620.0
2|949	31110.0
2|950	20658.0
2|951	23342.0
2|952	12340.0
2|953	10110.0
2|954	33419.7
2|956	19315.0
2|970	41420.0
2|972	17130.0
2|973	14100.0
2|980	144360.0
2|981	73364.0
2|982	54210.0
2|983	9150.0
2|985	3930.0
2|992	5100.0
2|995	16110.0
2|997	59112.0
3|000	170735.0
3|010	4024.0
3|015	28110.0
3|017	6816.0
3|018	8700.0
3|020	12600.0
3|021	17180.0
3|024	2958.0
3|029	9360.0
3|030	12420.0
3|033	4530.0
3|038	33420.0
3|039	27450.0
3|040	183909.0
3|041	55170.0
3|042	25212.5
3|043	9120.0
3|044	43190.0
3|045	12870.0
3|046	24900.0
3|049	27810.0
3|056	18120.0
3|060	115747.5
3|061	32830.0
3|062	18990.0
3|063	54850.0
3|064	231382.0
3|065	28920.0
3|066	50940.0
3|067	45104.0
3|068	63662.0
3|069	8031.0
3|070	300730.0
3|071	47270.0
3|073	19770.0
3|074	51027.5
3|075	25200.0
3|076	153818.0
3|077	112494.0
3|078	73650.0
3|079	87750.0
3|080	310886.0
3|081	28926.0
3|082	8082.0
3|083	29659.0
3|085	52065.0
3|086	131432.0
3|087	147570.0
3|088	138080.0
3|089	13320.0
3|100	195013.0
3|101	19020.0
3|103	71538.0
3|104	124605.0
3|105	98960.7
3|107	79338.0
3|108	12960.0
3|109	82460.0
3|110	26010.0
3|111	22950.0
3|112	42344.5
3|113	45501.5
3|114	45030.0
3|115	74553.0
3|116	1730.0
3|117	151767.0
3|118	18990.0
3|119	13710.0
3|121	39960.0
3|124	4268.0
3|125	11022.0
3|127	4380.0
3|128	4530.0
3|131	4410.0
3|144	2980.0
3|146	9180.0
3|151	4260.0
3|156	4140.0
3|157	154.0
3|170	4710.0
3|173	34470.0
3|174	4200.0
3|175	13908.0
3|176	17550.0
3|180	107262.0
3|182	26475.0
3|183	4440.0
3|184	8580.0
3|187	477.0
3|188	9360.0
3|189	269376.0
3|190	285462.5
3|191	285508.7
3|193	249616.0
3|194	98216.0
3|195	49560.0
3|196	45000.0
3|197	45560.0
3|198	13230.0
3|200	153967.0
3|201	66787.0
3|206	59199.0
3|207	273840.0
3|208	220100.0
3|209	23670.0
3|210	202620.0
3|211	120880.0
3|212	38039.0
3|214	444.0
3|217	54996.0
3|219	19555.0
3|220	145083.0
3|221	95569.0
3|222	41544.6
3|223	67570.2
3|224	142358.0
3|225	239773.0
3|227	14400.0
3|231	20283.0
3|234	6680.0
3|238	13140.0
3|239	5310.0
3|240	4816.0
3|253	3060.0
3|257	8373.0
3|261	16920.0
3|263	10890.0
3|265	9360.0
3|272	4710.0
3|275	14490.0
3|277	11235.0
3|281	45015.0
3|282	54150.0
3|283	9060.0
3|284	15750.0
3|287	9390.0
3|289	564.0
3|290	4230.0
3|291	8540.0
3|293	4710.0
3|294	4080.0
3|296	33570.0
3|297	18420.0
3|298	2175.0
3|299	8910.0
3|300	150389.0
3|301	48422.0
3|302	102326.0
3|303	72272.0
3|306	9450.0
3|307	5076.0
3|310	18000.0
3|312	4770.0
3|314	7940.0
3|320	31624.0
3|321	13140.0
3|322	204054.0
3|323	15684.0
3|325	9090.0
3|327	93574.0
3|328	33512.0
3|329	83991.6
3|330	82545.0
3|331	96039.0
3|333	46700.0
3|334	190745.1
3|335	53022.0
3|336	75140.0
3|337	123193.0
3|338	46456.0
3|339	131645.0
3|341	16490.0
3|342	170143.5
3|344	8460.0
3|346	65817.0
3|347	14640.0
3|349	33510.0
3|363	9510.0
3|370	24670.0
3|371	2432.0
3|372	20730.0
3|373	4440.0
3|376	4620.0
3|377	61248.0
3|378	157425.0
3|379	26550.0
3|380	13950.0
3|381	4170.0
3|383	27600.0
3|385	3400.0
3|386	8170.0
3|396	3339.0
3|404	151.0
3|405	4590.0
3|410	4290.0
3|411	13920.0
3|420	4800.0
3|430	11595.0
3|431	31020.0
3|432	24382.0
3|433	6615.0
3|435	36540.0
3|436	82635.0
3|440	30956.0
3|441	40689.0
3|442	4475.0
3|446	13710.0
3|448	15700.0
3|452	17340.0
3|453	12060.0
3|454	4980.0
3|456	4800.0
3|461	4860.0
3|463	94072.0
3|467	12600.0
3|469	5740.0
3|480	9240.0
3|481	202058.0
3|484	16300.0
3|488	4470.0
3|492	8340.0
3|493	580.0
3|494	13770.0
3|496	5130.0
3|500	30060.0
3|503	26970.0
3|524	2592.0
3|531	14310.0
3|532	14040.0
3|547	23730.0
3|550	4800.0
3|551	12960.0
3|553	14928.0
3|571	15300.0
3|582	20880.0
3|600	90192.0
3|601	50074.0
3|604	48816.0
3|605	12525.6
3|606	65409.0
3|608	4290.0
3|619	5040.0
3|620	18990.0
3|622	68097.0
3|630	15435.0
3|631	27690.0
3|635	3240.0
3|637	1621.8
3|640	47218.0
3|641	9150.0
3|647	15060.0
3|654	4470.0
3|660	52394.0
3|662	17820.0
3|700	15564.0
3|701	3752.0
3|704	4380.0
3|705	19320.0
3|711	4890.0
3|714	21630.0
3|722	4440.0
3|726	29412.0
3|730	109543.0
3|731	145391.0
3|735	9660.0
3|736	4890.0
3|737	7750.0
3|740	64878.0
3|741	88650.0
3|744	23720.0
3|747	4680.0
3|748	6640.0
3|750	155384.5
3|751	24810.0
3|752	50432.0
3|754	4470.0
3|755	8100.0
3|756	3500.0
3|757	30046.2
3|759	39005.0
3|760	116110.0
3|761	98375.0
3|762	23364.0
3|765	13590.0
3|766	3020.0
3|767	3120.0
3|770	405393.1
3|773	657198.0
3|774	193469.8
3|775	75441.0
3|776	15050.0
3|777	4200.0
3|778	9570.0
3|779	11590.0
3|780	56410.0
3|781	44670.0
3|782	704914.0
3|784	10085.7
3|785	27840.0
3|786	37264.0
3|787	95845.0
3|788	9690.0
3|790	24974.5
3|791	32190.0
3|794	3900.0
3|797	33480.0
3|799	39632.0
3|800	27351.0
3|801	62869.0
3|802	28080.0
3|804	8190.0
3|805	14010.0
3|806	38730.0
3|809	16980.0
3|815	5070.0
3|816	13050.0
3|838	4290.0
3|840	30370.0
3|841	4500.0
3|846	1192.0
3|850	147791.0
3|852	188071.0
3|853	103918.0
3|855	25380.0
3|857	56850.5
3|863	6042.0
3|864	25248.0
3|870	26460.0
3|871	23148.0
3|880	4075.0
3|890	50053.0
3|891	71290.0
3|894	8640.0
3|895	9965.5
3|900	42877.0
3|902	113003.5
3|904	2730.0
3|905	21970.0
3|906	21930.0
3|907	50954.0
3|908	29235.0
3|910	25410.0
3|911	55530.0
3|912	966.0
3|913	605726.0
3|914	27927.0
3|915	23910.0
3|916	13740.0
3|917	119236.0
3|919	79128.0
3|920	463837.0
3|921	225782.0
3|922	57702.0
3|923	29522.0
3|925	67782.0
3|926	138705.0
3|927	57840.0
3|928	103410.0
3|930	100640.0
3|931	12555.0
3|932	4890.0
3|933	14870.5
3|934	15200.0
3|935	17640.0
3|936	13932.0
3|939	28990.0
3|940	51130.0
3|941	34924.0
3|943	13230.0
3|944	9886.0
3|945	113780.0
3|946	13710.0
3|949	31260.0
3|950	21420.0
3|951	22378.0
3|952	13040.0
3|953	8490.0
3|954	34182.0
3|956	18680.0
3|970	42000.0
3|972	18120.0
3|973	12800.0
3|980	145979.0
3|981	73246.0
3|982	51360.0
3|983	9360.0
3|985	4200.0
3|992	4260.0
3|995	14040.0
3|997	51912.0
4|000	176415.0
4|010	3768.0
4|015	28050.0
4|017	7728.0
4|018	10140.0
4|020	13140.0
4|021	20790.0
4|024	2616.0
4|029	8340.0
4|030	13320.0
4|033	4650.0
4|038	30030.0
4|039	26910.0
4|040	189173.5
4|041	52380.0
4|042	24747.5
4|043	8970.0
4|044	43740.0
4|045	13680.0
4|046	21870.0
4|049	29220.0
4|056	17280.0
4|060	115620.5
4|061	33136.0
4|062	18000.0
4|063	58650.0
4|064	227108.0
4|065	26670.0
4|066	46230.0
4|067	47978.0
4|068	66922.0
4|069	8430.0
4|070	300349.0
4|071	47640.0
4|073	17580.0
4|074	47707.5
4|075	28620.0
4|076	155652.0
4|077	111774.0
4|078	79860.0
4|079	91275.0
4|080	314802.5
4|081	28130.0
4|082	7701.0
4|083	29970.0
4|085	50705.0
4|086	122555.0
4|087	145665.0
4|088	141277.0
4|089	15210.0
4|100	202464.0
4|101	17715.0
4|103	66450.0
4|104	126940.0
4|105	105370.5
4|107	84648.0
4|108	13890.0
4|109	90520.0
4|110	28440.0
4|111	22210.0
4|112	43853.5
4|113	43568.0
4|114	46140.0
4|115	80314.0
4|116	1360.0
4|117	143658.0
4|118	21290.0
4|119	14880.0
4|121	37800.0
4|124	4010.0
4|125	11721.0
4|127	4590.0
4|128	4950.0
4|131	5070.0
4|144	3120.0
4|146	9120.0
4|151	4860.0
4|156	4950.0
4|157	160.0
4|170	5070.0
4|173	27990.0
4|174	4350.0
4|175	14646.0
4|176	18750.0
4|180	100888.0
4|182	25380.0
4|183	4830.0
4|184	9240.0
4|187	471.0
4|188	8760.0
4|189	265824.0
4|190	278913.5
4|191	291830.8
4|193	247030.0
4|194	101490.6
4|195	48480.0
4|196	43426.0
4|197	41630.0
4|198	13140.0
4|200	148910.0
4|201	65231.0
4|206	56067.0
4|207	273660.0
4|208	219600.0
4|209	21870.0
4|210	192270.0
4|211	115640.0
4|212	39189.5
4|214	411.0
4|217	48960.0
4|219	18629.0
4|220	145172.0
4|221	91304.0
4|222	45619.4
4|223	69228.0
4|224	123155.0
4|225	238014.5
4|227	13230.0
4|231	20910.0
4|234	6020.0
4|238	13950.0
4|239	3930.0
4|240	3724.0
4|253	2920.0
4|257	8985.0
4|261	13680.0
4|263	11340.0
4|265	8700.0
4|272	4170.0
4|275	13410.0
4|277	12210.0
4|281	51997.0
4|282	48900.0
4|283	9450.0
4|284	12690.0
4|287	8010.0
4|289	696.0
4|290	4980.0
4|291	9320.0
4|293	4560.0
4|294	4740.0
4|296	28050.0
4|297	18630.0
4|298	2385.0
4|299	9000.0
4|300	150791.0
4|301	50604.0
4|302	106411.5
4|303	74145.0
4|306	8670.0
4|307	5436.0
4|310	19590.0
4|312	4260.0
4|314	7730.0
4|320	30426.0
4|321	14850.0
4|322	205982.0
4|323	15490.0
4|325	8370.0
4|327	97280.0
4|328	32516.0
4|329	83337.24
4|330	81710.0
4|331	97768.0
4|333	48980.0
4|334	181156.9
4|335	57762.0
4|336	75299.0
4|337	126506.0
4|338	46428.0
4|339	135410.0
4|341	20340.0
4|342	167663.0
4|344	7794.0
4|346	70360.0
4|347	13290.0
4|349	31920.0
4|363	9360.0
4|370	24020.0
4|371	2416.0
4|372	24780.0
4|373	5100.0
4|376	4620.0
4|377	63114.0
4|378	143580.0
4|379	28800.0
4|380	13170.0
4|381	4860.0
4|383	30000.0
4|385	2600.0
4|386	8805.0
4|396	3465.0
4|404	156.0
4|405	4410.0
4|410	4830.0
4|411	12210.0
4|420	4020.0
4|430	11895.0
4|431	35400.0
4|432	27626.0
4|433	6300.0
4|435	37080.0
4|436	72815.0
4|440	29558.0
4|441	41859.0
4|442	4573.0
4|446	14370.0
4|448	14100.0
4|452	18900.0
4|453	15300.0
4|454	3840.0
4|456	3840.0
4|461	4110.0
4|463	95823.2
4|467	14220.0
4|469	6120.0
4|480	9420.0
4|481	221280.0
4|484	14900.0
4|488	4200.0
4|492	9120.0
4|493	560.0
4|494	13500.0
4|496	4860.0
4|500	25380.0
4|503	27120.0
4|524	2480.0
4|531	13050.0
4|532	14580.0
4|547	22800.0
4|550	4470.0
4|551	12960.0
4|553	15036.0
4|571	16065.0
4|582	23370.0
4|600	90918.0
4|601	51024.0
4|604	46976.0
4|605	11698.1
4|606	65303.5
4|608	4830.0
4|619	3960.0
4|620	18000.0
4|622	71694.0
4|630	17220.0
4|631	27960.0
4|635	2860.0
4|637	1530.0
4|640	51710.0
4|641	9540.0
4|647	12900.0
4|654	4620.0
4|660	51380.0
4|662	18030.0
4|700	15580.0
4|701	3864.0
4|704	4320.0
4|705	18120.0
4|711	4410.0
4|714	22830.0
4|722	4950.0
4|726	29107.0
4|730	111469.0
4|731	136879.0
4|735	8580.0
4|736	4500.0
4|737	7650.0
4|740	66881.0
4|741	85530.0
4|744	25240.0
4|747	4620.0
4|748	7026.0
4|750	159189.5
4|751	21630.0
4|752	45257.0
4|754	4800.0
4|755	9720.0
4|756	4480.0
4|757	28230.9
4|759	34007.5
4|760	111770.0
4|761	101376.0
4|762	22948.0
4|765	12960.0
4|766	2780.0
4|767	3040.0
4|770	395597.4
4|773	822636.0
4|774	197974.2
4|775	75319.0
4|776	14650.0
4|777	4680.0
4|778	9330.0
4|779	11870.0
4|780	57573.0
4|781	43560.0
4|782	653563.0
4|784	9632.0
4|785	27426.0
4|786	35488.0
4|787	98850.0
4|788	9000.0
4|790	23638.0
4|791	30750.0
4|794	4890.0
4|797	32370.0
4|799	38482.0
4|800	24453.0
4|801	64776.0
4|802	26970.0
4|804	9660.0
4|805	13170.0
4|806	32805.0
4|809	18450.0
4|815	3750.0
4|816	13890.0
4|838	4620.0
4|840	28370.0
4|841	4860.0
4|846	1152.0
4|850	146205.0
4|852	188747.0
4|853	106094.0
4|855	29520.0
4|857	60649.5
4|863	5468.0
4|864	27936.0
4|870	28980.0
4|871	25380.0
4|880	4000.0
4|890	47884.0
4|891	73600.0
4|894	9810.0
4|895	11196.5
4|900	46111.0
4|902	115414.5
4|904	2340.0
4|905	21780.0
4|906	22650.0
4|907	49750.0
4|908	24915.0
4|910	24710.0
4|911	51590.0
4|912	852.0
4|913	646215.0
4|914	26922.0
4|915	21840.0
4|916	13230.0
4|917	124298.0
4|919	75122.0
4|920	482035.0
4|921	230078.0
4|922	60317.0
4|923	31440.0
4|925	66670.0
4|926	142121.0
4|927	52380.0
4|928	102990.0
4|930	100990.0
4|931	12175.0
4|932	4440.0
4|933	13690.5
4|934	14490.0
4|935	18540.0
4|936	13962.0
4|939	28278.0
4|940	48630.0
4|941	35558.0
4|943	14580.0
4|944	10592.0
4|945	113730.0
4|946	14190.0
4|949	31710.0
4|950	22011.0
4|951	21606.0
4|952	10980.0
4|953	9660.0
4|954	36923.1
4|956	19150.0
4|970	34940.0
4|972	18390.0
4|973	16700.0
4|980	129389.0
4|981	78964.0
4|982	48870.0
4|983	9210.0
4|985	4830.0
4|992	4350.0
4|995	12330.0
4|997	50889.0
